Al analizar las complejidades de forma teórica hemos obtenido
las siguientes conclusiones:
	-Iterativo1: complejidad constante O(1)

	-Iterativo2: complejidad lineal O(n)

	-Recursivo1: complejidad lineal O(n)


Para calcular las complejidades de forma empírica hemos dado
a n los valores entre 0 y 1000 con un incremento de 10 en 10.

Observamos que los valores que nos devuelve el programa no 
tienen un incremento constante, debido a que el ordenador no
está dedicado únicamente a la medida de tiempo de estos
algortitmos, es decir que como dedica su capacidad a varias
tareas, los tiempos obtenidos no son exactos ni constantes.

T1 = iterativo1; T2 = iterativo2; T3 = recursivo1
Todos los tiempos son en nanosegundos

Numero 	 T1 	 T2 	 T3 	 ite1 	 ite2 	 recu
--------------------------------------------------
0	|0	|0	|0	|0.0	|0.0	|0.0	|
50	|0	|0	|0	|4950.0	|4950.0	|4950.0	|
100	|0	|0	|0	|19900.0	|19900.0	|19900.0	|
150	|0	|0	|0	|44850.0	|44850.0	|44850.0	|
200	|0	|0	|0	|79800.0	|79800.0	|79800.0	|
250	|0	|0	|0	|124750.0	|124750.0	|124750.0	|
300	|0	|0	|0	|179700.0	|179700.0	|179700.0	|
350	|0	|0	|0	|244650.0	|244650.0	|244650.0	|
400	|0	|0	|0	|319600.0	|319600.0	|319600.0	|
450	|0	|0	|0	|404550.0	|404550.0	|404550.0	|
500	|0	|0	|0	|499500.0	|499500.0	|499500.0	|
550	|0	|0	|0	|604450.0	|604450.0	|604450.0	|
600	|0	|0	|0	|719400.0	|719400.0	|719400.0	|
650	|0	|0	|0	|844350.0	|844350.0	|844350.0	|
700	|0	|0	|0	|979300.0	|979300.0	|979300.0	|
750	|0	|0	|0	|1124250.0	|1124250.0	|1124250.0	|
800	|0	|0	|0	|1279200.0	|1279200.0	|1279200.0	|
850	|0	|0	|0	|1444150.0	|1444150.0	|1444150.0	|
900	|0	|0	|0	|1619100.0	|1619100.0	|1619100.0	|
950	|0	|0	|0	|1804050.0	|1804050.0	|1804050.0	|
1000	|0	|0	|0	|1999000.0	|1999000.0	|1999000.0	|
1050	|0	|0	|0	|2203950.0	|2203950.0	|2203950.0	|
1100	|0	|0	|0	|2418900.0	|2418900.0	|2418900.0	|
1150	|0	|0	|0	|2643850.0	|2643850.0	|2643850.0	|
1200	|0	|0	|0	|2878800.0	|2878800.0	|2878800.0	|
1250	|0	|0	|0	|3123750.0	|3123750.0	|3123750.0	|
1300	|0	|0	|0	|3378700.0	|3378700.0	|3378700.0	|
1350	|0	|0	|0	|3643650.0	|3643650.0	|3643650.0	|
1400	|0	|0	|0	|3918600.0	|3918600.0	|3918600.0	|
1450	|0	|0	|0	|4203550.0	|4203550.0	|4203550.0	|
1500	|0	|0	|0	|4498500.0	|4498500.0	|4498500.0	|
1550	|0	|0	|0	|4803450.0	|4803450.0	|4803450.0	|
1600	|0	|0	|0	|5118400.0	|5118400.0	|5118400.0	|
1650	|0	|0	|0	|5443350.0	|5443350.0	|5443350.0	|
1700	|0	|0	|0	|5778300.0	|5778300.0	|5778300.0	|
1750	|0	|0	|0	|6123250.0	|6123250.0	|6123250.0	|
1800	|0	|0	|0	|6478200.0	|6478200.0	|6478200.0	|
1850	|0	|1	|0	|6843150.0	|6843150.0	|6843150.0	|
1900	|0	|0	|0	|7218100.0	|7218100.0	|7218100.0	|
1950	|0	|0	|0	|7603050.0	|7603050.0	|7603050.0	|
2000	|0	|0	|0	|7998000.0	|7998000.0	|7998000.0	|
2050	|0	|0	|0	|8402950.0	|8402950.0	|8402950.0	|
2100	|0	|0	|0	|8817900.0	|8817900.0	|8817900.0	|
2150	|0	|0	|0	|9242850.0	|9242850.0	|9242850.0	|
2200	|0	|0	|0	|9677800.0	|9677800.0	|9677800.0	|
2250	|0	|0	|0	|1.012275E7	|1.012275E7	|1.012275E7	|
2300	|0	|0	|0	|1.05777E7	|1.05777E7	|1.05777E7	|
2350	|0	|0	|0	|1.104265E7	|1.104265E7	|1.104265E7	|
2400	|0	|0	|0	|1.15176E7	|1.15176E7	|1.15176E7	|
2450	|0	|0	|0	|1.200255E7	|1.200255E7	|1.200255E7	|
2500	|0	|1	|0	|1.24975E7	|1.24975E7	|1.24975E7	|
2550	|0	|0	|0	|1.300245E7	|1.300245E7	|1.300245E7	|
2600	|0	|0	|0	|1.35174E7	|1.35174E7	|1.35174E7	|
2650	|0	|0	|0	|1.404235E7	|1.404235E7	|1.404235E7	|
2700	|0	|0	|0	|1.45773E7	|1.45773E7	|1.45773E7	|
2750	|0	|0	|0	|1.512225E7	|1.512225E7	|1.512225E7	|
2800	|0	|0	|0	|1.56772E7	|1.56772E7	|1.56772E7	|
2850	|0	|0	|0	|1.624215E7	|1.624215E7	|1.624215E7	|
2900	|0	|0	|0	|1.68171E7	|1.68171E7	|1.68171E7	|
2950	|0	|0	|0	|1.740205E7	|1.740205E7	|1.740205E7	|
3000	|0	|0	|0	|1.7997E7	|1.7997E7	|1.7997E7	|
3050	|0	|0	|0	|1.860195E7	|1.860195E7	|1.860195E7	|
3100	|0	|0	|0	|1.92169E7	|1.92169E7	|1.92169E7	|
3150	|0	|0	|0	|1.984185E7	|1.984185E7	|1.984185E7	|
3200	|0	|0	|1	|2.04768E7	|2.04768E7	|2.04768E7	|
3250	|0	|0	|0	|2.112175E7	|2.112175E7	|2.112175E7	|
3300	|0	|0	|0	|2.17767E7	|2.17767E7	|2.17767E7	|
3350	|0	|0	|0	|2.244165E7	|2.244165E7	|2.244165E7	|
3400	|0	|0	|0	|2.31166E7	|2.31166E7	|2.31166E7	|
3450	|0	|0	|0	|2.380155E7	|2.380155E7	|2.380155E7	|
3500	|0	|0	|0	|2.44965E7	|2.44965E7	|2.44965E7	|
3550	|0	|0	|0	|2.520145E7	|2.520145E7	|2.520145E7	|
3600	|0	|0	|0	|2.59164E7	|2.59164E7	|2.59164E7	|
3650	|0	|0	|0	|2.664135E7	|2.664135E7	|2.664135E7	|
3700	|0	|0	|0	|2.73763E7	|2.73763E7	|2.73763E7	|
3750	|0	|0	|0	|2.812125E7	|2.812125E7	|2.812125E7	|
3800	|0	|0	|0	|2.88762E7	|2.88762E7	|2.88762E7	|
3850	|0	|0	|0	|2.964115E7	|2.964115E7	|2.964115E7	|
3900	|0	|0	|1	|3.04161E7	|3.04161E7	|3.04161E7	|
3950	|0	|0	|0	|3.120105E7	|3.120105E7	|3.120105E7	|
4000	|0	|0	|0	|3.1996E7	|3.1996E7	|3.1996E7	|
4050	|0	|0	|0	|3.280095E7	|3.280095E7	|3.280095E7	|
4100	|0	|0	|0	|3.36159E7	|3.36159E7	|3.36159E7	|
4150	|0	|0	|0	|3.444085E7	|3.444085E7	|3.444085E7	|
4200	|0	|0	|0	|3.52758E7	|3.52758E7	|3.52758E7	|
4250	|0	|0	|0	|3.612075E7	|3.612075E7	|3.612075E7	|
4300	|0	|0	|0	|3.69757E7	|3.69757E7	|3.69757E7	|
4350	|0	|0	|0	|3.784065E7	|3.784065E7	|3.784065E7	|
4400	|0	|0	|0	|3.87156E7	|3.87156E7	|3.87156E7	|
4450	|0	|0	|0	|3.960055E7	|3.960055E7	|3.960055E7	|
4500	|0	|0	|1	|4.04955E7	|4.04955E7	|4.04955E7	|
4550	|0	|0	|0	|4.140045E7	|4.140045E7	|4.140045E7	|
4600	|0	|0	|0	|4.23154E7	|4.23154E7	|4.23154E7	|
4650	|0	|0	|0	|4.324035E7	|4.324035E7	|4.324035E7	|
4700	|0	|0	|0	|4.41753E7	|4.41753E7	|4.41753E7	|
4750	|0	|0	|0	|4.512025E7	|4.512025E7	|4.512025E7	|
4800	|0	|0	|0	|4.60752E7	|4.60752E7	|4.60752E7	|
4850	|0	|0	|0	|4.704015E7	|4.704015E7	|4.704015E7	|
4900	|0	|0	|0	|4.80151E7	|4.80151E7	|4.80151E7	|
4950	|0	|1	|0	|4.900005E7	|4.900005E7	|4.900005E7	|
5000	|0	|0	|0	|4.9995E7	|4.9995E7	|4.9995E7	|
5050	|0	|0	|0	|5.099995E7	|5.099995E7	|5.099995E7	|
5100	|0	|0	|0	|5.20149E7	|5.20149E7	|5.20149E7	|
5150	|0	|0	|0	|5.303985E7	|5.303985E7	|5.303985E7	|
5200	|0	|0	|0	|5.40748E7	|5.40748E7	|5.40748E7	|
5250	|0	|0	|0	|5.511975E7	|5.511975E7	|5.511975E7	|
5300	|0	|0	|0	|5.61747E7	|5.61747E7	|5.61747E7	|
5350	|0	|0	|0	|5.723965E7	|5.723965E7	|5.723965E7	|
5400	|0	|0	|0	|5.83146E7	|5.83146E7	|5.83146E7	|
5450	|0	|0	|0	|5.939955E7	|5.939955E7	|5.939955E7	|
5500	|0	|0	|0	|6.04945E7	|6.04945E7	|6.04945E7	|
5550	|0	|1	|0	|6.159945E7	|6.159945E7	|6.159945E7	|
5600	|0	|0	|0	|6.27144E7	|6.27144E7	|6.27144E7	|
5650	|0	|0	|0	|6.383935E7	|6.383935E7	|6.383935E7	|
5700	|0	|0	|0	|6.49743E7	|6.49743E7	|6.49743E7	|
5750	|0	|0	|0	|6.611925E7	|6.611925E7	|6.611925E7	|
5800	|0	|0	|0	|6.72742E7	|6.72742E7	|6.72742E7	|
5850	|0	|0	|0	|6.843915E7	|6.843915E7	|6.843915E7	|
5900	|0	|0	|0	|6.96141E7	|6.96141E7	|6.96141E7	|
5950	|0	|0	|0	|7.079905E7	|7.079905E7	|7.079905E7	|
6000	|0	|0	|0	|7.1994E7	|7.1994E7	|7.1994E7	|
6050	|0	|0	|0	|7.319895E7	|7.319895E7	|7.319895E7	|
6100	|0	|0	|0	|7.44139E7	|7.44139E7	|7.44139E7	|
6150	|0	|0	|0	|7.563885E7	|7.563885E7	|7.563885E7	|
6200	|0	|0	|0	|7.68738E7	|7.68738E7	|7.68738E7	|
6250	|0	|0	|0	|7.811875E7	|7.811875E7	|7.811875E7	|
6300	|0	|0	|0	|7.93737E7	|7.93737E7	|7.93737E7	|
6350	|0	|0	|0	|8.063865E7	|8.063865E7	|8.063865E7	|
6400	|0	|0	|0	|8.19136E7	|8.19136E7	|8.19136E7	|
6450	|0	|0	|0	|8.319855E7	|8.319855E7	|8.319855E7	|
6500	|0	|0	|0	|8.44935E7	|8.44935E7	|8.44935E7	|
6550	|0	|0	|0	|8.579845E7	|8.579845E7	|8.579845E7	|
6600	|0	|0	|0	|8.71134E7	|8.71134E7	|8.71134E7	|
6650	|0	|0	|0	|8.843835E7	|8.843835E7	|8.843835E7	|
6700	|0	|0	|0	|8.97733E7	|8.97733E7	|8.97733E7	|
6750	|0	|0	|0	|9.111825E7	|9.111825E7	|9.111825E7	|
6800	|0	|0	|0	|9.24732E7	|9.24732E7	|9.24732E7	|
6850	|0	|0	|0	|9.383815E7	|9.383815E7	|9.383815E7	|
6900	|0	|0	|0	|9.52131E7	|9.52131E7	|9.52131E7	|
6950	|0	|0	|0	|9.659805E7	|9.659805E7	|9.659805E7	|
7000	|0	|0	|0	|9.7993E7	|9.7993E7	|9.7993E7	|
7050	|0	|0	|0	|9.939795E7	|9.939795E7	|9.939795E7	|
7100	|0	|0	|0	|1.008129E8	|1.008129E8	|1.008129E8	|
7150	|0	|0	|0	|1.0223785E8	|1.0223785E8	|1.0223785E8	|
7200	|0	|0	|1	|1.036728E8	|1.036728E8	|1.036728E8	|
7250	|0	|0	|0	|1.0511775E8	|1.0511775E8	|1.0511775E8	|
7300	|0	|0	|0	|1.065727E8	|1.065727E8	|1.065727E8	|
7350	|0	|0	|0	|1.0803765E8	|1.0803765E8	|1.0803765E8	|
7400	|0	|0	|0	|1.095126E8	|1.095126E8	|1.095126E8	|
7450	|0	|0	|0	|1.1099755E8	|1.1099755E8	|1.1099755E8	|
7500	|0	|0	|0	|1.124925E8	|1.124925E8	|1.124925E8	|
7550	|0	|0	|0	|1.1399745E8	|1.1399745E8	|1.1399745E8	|
7600	|0	|0	|0	|1.155124E8	|1.155124E8	|1.155124E8	|
7650	|0	|0	|0	|1.1703735E8	|1.1703735E8	|1.1703735E8	|
7700	|0	|0	|0	|1.185723E8	|1.185723E8	|1.185723E8	|
7750	|0	|0	|0	|1.2011725E8	|1.2011725E8	|1.2011725E8	|
7800	|0	|0	|0	|1.216722E8	|1.216722E8	|1.216722E8	|
7850	|0	|0	|0	|1.2323715E8	|1.2323715E8	|1.2323715E8	|
7900	|0	|0	|0	|1.248121E8	|1.248121E8	|1.248121E8	|
7950	|0	|0	|0	|1.2639705E8	|1.2639705E8	|1.2639705E8	|
8000	|0	|0	|0	|1.27992E8	|1.27992E8	|1.27992E8	|
8050	|0	|0	|0	|1.2959695E8	|1.2959695E8	|1.2959695E8	|
8100	|0	|0	|0	|1.312119E8	|1.312119E8	|1.312119E8	|
8150	|0	|0	|0	|1.3283685E8	|1.3283685E8	|1.3283685E8	|
8200	|0	|0	|0	|1.344718E8	|1.344718E8	|1.344718E8	|
8250	|0	|0	|0	|1.3611675E8	|1.3611675E8	|1.3611675E8	|
8300	|0	|0	|0	|1.377717E8	|1.377717E8	|1.377717E8	|
8350	|0	|0	|0	|1.3943665E8	|1.3943665E8	|1.3943665E8	|
8400	|0	|0	|0	|1.411116E8	|1.411116E8	|1.411116E8	|
8450	|0	|0	|0	|1.4279655E8	|1.4279655E8	|1.4279655E8	|
8500	|0	|1	|0	|1.444915E8	|1.444915E8	|1.444915E8	|
8550	|0	|0	|0	|1.4619645E8	|1.4619645E8	|1.4619645E8	|
8600	|0	|0	|0	|1.479114E8	|1.479114E8	|1.479114E8	|
8650	|0	|0	|0	|1.4963635E8	|1.4963635E8	|1.4963635E8	|
8700	|0	|0	|0	|1.513713E8	|1.513713E8	|1.513713E8	|
8750	|0	|0	|0	|1.5311625E8	|1.5311625E8	|1.5311625E8	|
8800	|0	|0	|0	|1.548712E8	|1.548712E8	|1.548712E8	|
8850	|0	|0	|0	|1.5663615E8	|1.5663615E8	|1.5663615E8	|
8900	|0	|0	|0	|1.584111E8	|1.584111E8	|1.584111E8	|
8950	|0	|0	|0	|1.6019605E8	|1.6019605E8	|1.6019605E8	|
9000	|0	|0	|0	|1.61991E8	|1.61991E8	|1.61991E8	|
9050	|0	|0	|0	|1.6379595E8	|1.6379595E8	|1.6379595E8	|
9100	|0	|0	|0	|1.656109E8	|1.656109E8	|1.656109E8	|
9150	|0	|0	|0	|1.6743585E8	|1.6743585E8	|1.6743585E8	|
9200	|0	|0	|0	|1.692708E8	|1.692708E8	|1.692708E8	|
9250	|0	|0	|0	|1.7111575E8	|1.7111575E8	|1.7111575E8	|
9300	|0	|1	|0	|1.729707E8	|1.729707E8	|1.729707E8	|
9350	|0	|0	|0	|1.7483565E8	|1.7483565E8	|1.7483565E8	|
9400	|0	|0	|0	|1.767106E8	|1.767106E8	|1.767106E8	|
9450	|0	|0	|0	|1.7859555E8	|1.7859555E8	|1.7859555E8	|
9500	|0	|0	|0	|1.804905E8	|1.804905E8	|1.804905E8	|
9550	|0	|0	|0	|1.8239545E8	|1.8239545E8	|1.8239545E8	|
9600	|0	|0	|0	|1.843104E8	|1.843104E8	|1.843104E8	|
9650	|0	|0	|0	|1.8623535E8	|1.8623535E8	|1.8623535E8	|
9700	|0	|0	|0	|1.881703E8	|1.881703E8	|1.881703E8	|
9750	|0	|0	|0	|1.9011525E8	|1.9011525E8	|1.9011525E8	|
9800	|0	|0	|0	|1.920702E8	|1.920702E8	|1.920702E8	|
9850	|0	|0	|0	|1.9403515E8	|1.9403515E8	|1.9403515E8	|
9900	|0	|0	|0	|1.960101E8	|1.960101E8	|1.960101E8	|
9950	|0	|0	|0	|1.9799505E8	|1.9799505E8	|1.9799505E8	|
10000	|0	|0	|0	|1.9999E8	|1.9999E8	|1.9999E8	|
